img/0.png
w= 37 h= 28
(
  ( 118 , 118 , 118 , 118 , 118 , 118 , 118 , 118 , 118 , 118 , 118 , 118 , 118 , 118 , 118 , 118 , 118 , 118 , 118 , 118 , 118 , 118 , 118 , 118 , 118 , 118 , 118 , 118 , 118 , 118 , 118 , 118 , 118 , 118 , 118 , 118 , 118 ),
  ( 118 , 118 , 118 , 118 , 118 , 118 , 118 , 118 , 118 , 118 , 118 , 118 , 118 , 0 , 0 , 0 , 0 , 0 , 0 , 0 , 0 , 0 , 0 , 0 , 0 , 118 , 118 , 118 , 118 , 118 , 118 , 118 , 118 , 118 , 118 , 118 , 118 ),
  ( 118 , 118 , 118 , 118 , 118 , 118 , 118 , 118 , 118 , 118 , 118 , 118 , 118 , 0 , 0 , 0 , 0 , 0 , 0 , 0 , 0 , 0 , 0 , 0 , 0 , 118 , 118 , 118 , 118 , 118 , 118 , 118 , 118 , 118 , 118 , 118 , 118 ),
  ( 118 , 118 , 118 , 118 , 118 , 118 , 118 , 118 , 118 , 37 , 37 , 37 , 37 , 182 , 182 , 182 , 182 , 182 , 182 , 0 , 0 , 146 , 146 , 146 , 146 , 36 , 36 , 118 , 118 , 118 , 118 , 118 , 118 , 118 , 118 , 118 , 118 ),
  ( 118 , 118 , 118 , 118 , 118 , 118 , 118 , 118 , 118 , 0 , 0 , 0 , 0 , 255 , 255 , 255 , 255 , 255 , 255 , 0 , 0 , 255 , 255 , 255 , 255 , 0 , 0 , 118 , 118 , 118 , 118 , 118 , 118 , 118 , 118 , 118 , 118 ),
  ( 118 , 118 , 118 , 118 , 118 , 118 , 118 , 41 , 41 , 146 , 146 , 146 , 146 , 253 , 253 , 253 , 253 , 73 , 73 , 182 , 182 , 255 , 255 , 255 , 255 , 182 , 182 , 37 , 37 , 118 , 118 , 118 , 118 , 118 , 118 , 118 , 118 ),
  ( 118 , 118 , 118 , 118 , 118 , 118 , 118 , 0 , 0 , 255 , 255 , 255 , 255 , 252 , 252 , 252 , 252 , 0 , 0 , 255 , 255 , 255 , 255 , 255 , 255 , 255 , 255 , 0 , 0 , 118 , 118 , 118 , 118 , 118 , 118 , 118 , 118 ),
  ( 118 , 118 , 118 , 118 , 118 , 77 , 77 , 108 , 108 , 254 , 254 , 254 , 254 , 252 , 252 , 252 , 252 , 0 , 0 , 255 , 255 , 255 , 255 , 255 , 255 , 146 , 146 , 146 , 146 , 41 , 77 , 118 , 118 , 118 , 118 , 118 , 118 ),
  ( 118 , 118 , 118 , 118 , 118 , 0 , 0 , 252 , 252 , 252 , 252 , 252 , 252 , 252 , 252 , 252 , 252 , 0 , 0 , 219 , 219 , 255 , 255 , 255 , 255 , 0 , 0 , 255 , 255 , 0 , 0 , 118 , 118 , 118 , 118 , 118 , 118 ),
  ( 118 , 118 , 118 , 78 , 78 , 72 , 72 , 252 , 252 , 252 , 252 , 252 , 252 , 252 , 252 , 252 , 252 , 0 , 0 , 219 , 219 , 255 , 255 , 255 , 255 , 0 , 0 , 255 , 255 , 0 , 0 , 118 , 118 , 118 , 118 , 118 , 118 ),
  ( 118 , 118 , 118 , 0 , 0 , 252 , 252 , 252 , 252 , 252 , 252 , 252 , 252 , 252 , 252 , 252 , 252 , 0 , 0 , 219 , 219 , 255 , 255 , 255 , 255 , 0 , 0 , 255 , 255 , 0 , 0 , 118 , 118 , 118 , 118 , 118 , 118 ),
  ( 118 , 118 , 118 , 0 , 0 , 252 , 252 , 252 , 252 , 252 , 252 , 252 , 252 , 252 , 252 , 252 , 252 , 36 , 36 , 182 , 182 , 255 , 255 , 255 , 255 , 73 , 73 , 255 , 255 , 0 , 0 , 118 , 118 , 118 , 118 , 118 , 118 ),
  ( 118 , 118 , 118 , 0 , 0 , 252 , 252 , 252 , 252 , 252 , 252 , 252 , 252 , 252 , 252 , 252 , 252 , 252 , 252 , 0 , 0 , 219 , 219 , 255 , 255 , 255 , 255 , 255 , 255 , 0 , 0 , 118 , 118 , 118 , 118 , 118 , 118 ),
  ( 118 , 118 , 118 , 0 , 0 , 216 , 216 , 216 , 216 , 216 , 216 , 216 , 216 , 252 , 252 , 252 , 252 , 252 , 252 , 0 , 0 , 219 , 219 , 182 , 182 , 182 , 182 , 182 , 182 , 0 , 0 , 118 , 118 , 118 , 118 , 118 , 118 ),
  ( 118 , 118 , 118 , 0 , 0 , 0 , 0 , 0 , 0 , 0 , 0 , 0 , 0 , 252 , 252 , 252 , 252 , 252 , 252 , 252 , 252 , 0 , 0 , 0 , 0 , 0 , 0 , 0 , 0 , 0 , 0 , 0 , 0 , 118 , 118 , 118 , 118 ),
  ( 118 , 118 , 118 , 0 , 0 , 0 , 0 , 0 , 0 , 0 , 0 , 0 , 0 , 252 , 252 , 252 , 252 , 252 , 252 , 252 , 252 , 0 , 0 , 0 , 0 , 0 , 0 , 0 , 0 , 0 , 0 , 0 , 0 , 118 , 118 , 118 , 118 ),
  ( 118 , 0 , 0 , 252 , 252 , 255 , 255 , 255 , 255 , 255 , 255 , 252 , 252 , 0 , 0 , 252 , 252 , 252 , 252 , 0 , 0 , 232 , 232 , 232 , 232 , 232 , 232 , 232 , 232 , 232 , 232 , 232 , 232 , 0 , 0 , 118 , 118 ),
  ( 118 , 0 , 0 , 252 , 252 , 255 , 255 , 255 , 255 , 255 , 255 , 252 , 252 , 0 , 0 , 252 , 252 , 252 , 252 , 0 , 0 , 232 , 232 , 232 , 232 , 232 , 232 , 232 , 232 , 232 , 232 , 232 , 232 , 0 , 0 , 118 , 118 ),
  ( 118 , 0 , 0 , 255 , 255 , 255 , 255 , 255 , 255 , 255 , 255 , 0 , 0 , 244 , 244 , 244 , 244 , 0 , 0 , 232 , 232 , 0 , 0 , 0 , 0 , 0 , 0 , 0 , 0 , 0 , 0 , 0 , 0 , 118 , 118 , 118 , 118 ),
  ( 118 , 0 , 0 , 255 , 255 , 255 , 255 , 255 , 255 , 255 , 255 , 0 , 0 , 244 , 244 , 244 , 244 , 0 , 0 , 232 , 232 , 0 , 0 , 0 , 0 , 0 , 0 , 0 , 0 , 0 , 0 , 0 , 0 , 118 , 118 , 118 , 118 ),
  ( 118 , 0 , 0 , 255 , 255 , 255 , 255 , 252 , 252 , 0 , 0 , 244 , 244 , 244 , 244 , 244 , 244 , 244 , 244 , 0 , 0 , 232 , 232 , 232 , 232 , 232 , 232 , 232 , 232 , 232 , 232 , 0 , 0 , 118 , 118 , 118 , 118 ),
  ( 118 , 0 , 0 , 255 , 255 , 255 , 255 , 252 , 252 , 0 , 0 , 244 , 244 , 244 , 244 , 244 , 244 , 244 , 244 , 0 , 0 , 232 , 232 , 232 , 232 , 232 , 232 , 232 , 232 , 232 , 232 , 0 , 0 , 118 , 118 , 118 , 118 ),
  ( 118 , 118 , 118 , 0 , 0 , 0 , 0 , 0 , 0 , 0 , 0 , 244 , 244 , 244 , 244 , 244 , 244 , 244 , 244 , 244 , 244 , 0 , 0 , 0 , 0 , 0 , 0 , 0 , 0 , 0 , 0 , 118 , 118 , 118 , 118 , 118 , 118 ),
  ( 118 , 118 , 118 , 0 , 0 , 0 , 0 , 0 , 0 , 0 , 0 , 244 , 244 , 244 , 244 , 244 , 244 , 244 , 244 , 244 , 244 , 0 , 0 , 0 , 0 , 0 , 0 , 0 , 0 , 0 , 0 , 118 , 118 , 118 , 118 , 118 , 118 ),
  ( 118 , 118 , 118 , 118 , 118 , 118 , 118 , 118 , 118 , 118 , 118 , 0 , 0 , 0 , 0 , 0 , 0 , 0 , 0 , 0 , 0 , 118 , 118 , 118 , 118 , 118 , 118 , 118 , 118 , 118 , 118 , 118 , 118 , 118 , 118 , 118 , 118 ),
  ( 118 , 118 , 118 , 118 , 118 , 118 , 118 , 118 , 118 , 118 , 118 , 0 , 0 , 0 , 0 , 0 , 0 , 0 , 0 , 0 , 0 , 118 , 118 , 118 , 118 , 118 , 118 , 118 , 118 , 118 , 118 , 118 , 118 , 118 , 118 , 118 , 118 ),
  ( 118 , 118 , 118 , 118 , 118 , 118 , 118 , 118 , 118 , 118 , 118 , 118 , 118 , 118 , 118 , 118 , 118 , 118 , 118 , 118 , 118 , 118 , 118 , 118 , 118 , 118 , 118 , 118 , 118 , 118 , 118 , 118 , 118 , 118 , 118 , 118 , 118 ),
  ( 118 , 118 , 118 , 118 , 118 , 118 , 118 , 118 , 118 , 118 , 118 , 118 , 118 , 118 , 118 , 118 , 118 , 118 , 118 , 118 , 118 , 118 , 118 , 118 , 118 , 118 , 118 , 118 , 118 , 118 , 118 , 118 , 118 , 118 , 118 , 118 , 118 )
);
