img/1.png
w= 36 h= 29
(
  ( 118 , 118 , 118 , 118 , 118 , 118 , 118 , 118 , 118 , 118 , 118 , 118 , 118 , 118 , 118 , 118 , 118 , 118 , 118 , 118 , 118 , 118 , 118 , 118 , 118 , 118 , 118 , 118 , 118 , 118 , 118 , 118 , 118 , 118 , 118 , 118 ),
  ( 118 , 118 , 118 , 118 , 118 , 118 , 118 , 118 , 118 , 118 , 118 , 118 , 118 , 118 , 118 , 118 , 118 , 118 , 118 , 118 , 118 , 118 , 118 , 118 , 118 , 118 , 118 , 118 , 118 , 118 , 118 , 118 , 118 , 118 , 118 , 118 ),
  ( 118 , 118 , 118 , 118 , 118 , 118 , 118 , 118 , 118 , 118 , 118 , 118 , 118 , 118 , 118 , 118 , 118 , 118 , 118 , 118 , 118 , 118 , 118 , 118 , 118 , 118 , 118 , 118 , 118 , 118 , 118 , 118 , 118 , 118 , 118 , 118 ),
  ( 118 , 118 , 118 , 118 , 118 , 118 , 118 , 118 , 118 , 118 , 118 , 118 , 0 , 0 , 0 , 0 , 0 , 0 , 0 , 0 , 0 , 0 , 0 , 0 , 118 , 118 , 118 , 118 , 118 , 118 , 118 , 118 , 118 , 118 , 118 , 118 ),
  ( 118 , 118 , 118 , 118 , 118 , 118 , 118 , 118 , 118 , 118 , 118 , 118 , 0 , 0 , 0 , 0 , 0 , 0 , 0 , 0 , 0 , 0 , 0 , 0 , 118 , 118 , 118 , 118 , 118 , 118 , 118 , 118 , 118 , 118 , 118 , 118 ),
  ( 118 , 118 , 118 , 118 , 118 , 118 , 118 , 118 , 0 , 0 , 0 , 0 , 255 , 255 , 255 , 255 , 255 , 255 , 0 , 0 , 255 , 255 , 255 , 255 , 0 , 0 , 118 , 118 , 118 , 118 , 118 , 118 , 118 , 118 , 118 , 118 ),
  ( 118 , 118 , 118 , 118 , 118 , 118 , 118 , 118 , 0 , 0 , 0 , 0 , 255 , 255 , 255 , 255 , 255 , 255 , 0 , 0 , 255 , 255 , 255 , 255 , 0 , 0 , 118 , 118 , 118 , 118 , 118 , 118 , 118 , 118 , 118 , 118 ),
  ( 118 , 118 , 118 , 118 , 118 , 118 , 0 , 0 , 255 , 255 , 255 , 255 , 252 , 252 , 252 , 252 , 0 , 0 , 255 , 255 , 255 , 255 , 255 , 255 , 255 , 255 , 0 , 0 , 118 , 118 , 118 , 118 , 118 , 118 , 118 , 118 ),
  ( 118 , 118 , 118 , 118 , 118 , 118 , 0 , 0 , 255 , 255 , 255 , 255 , 252 , 252 , 252 , 252 , 0 , 0 , 255 , 255 , 255 , 255 , 255 , 255 , 255 , 255 , 0 , 0 , 118 , 118 , 118 , 118 , 118 , 118 , 118 , 118 ),
  ( 118 , 118 , 118 , 118 , 0 , 0 , 255 , 255 , 252 , 252 , 252 , 252 , 252 , 252 , 252 , 252 , 0 , 0 , 219 , 219 , 255 , 255 , 255 , 255 , 0 , 0 , 255 , 255 , 0 , 0 , 118 , 118 , 118 , 118 , 118 , 118 ),
  ( 118 , 118 , 118 , 118 , 0 , 0 , 255 , 255 , 252 , 252 , 252 , 252 , 252 , 252 , 252 , 252 , 0 , 0 , 219 , 219 , 255 , 255 , 255 , 255 , 0 , 0 , 255 , 255 , 0 , 0 , 118 , 118 , 118 , 118 , 118 , 118 ),
  ( 118 , 118 , 0 , 0 , 252 , 252 , 252 , 252 , 252 , 252 , 252 , 252 , 252 , 252 , 252 , 252 , 0 , 0 , 219 , 219 , 255 , 255 , 255 , 255 , 0 , 0 , 255 , 255 , 0 , 0 , 118 , 118 , 118 , 118 , 118 , 118 ),
  ( 118 , 118 , 0 , 0 , 252 , 252 , 252 , 252 , 252 , 252 , 252 , 252 , 252 , 252 , 252 , 252 , 0 , 0 , 219 , 219 , 255 , 255 , 255 , 255 , 0 , 0 , 255 , 255 , 0 , 0 , 118 , 118 , 118 , 118 , 118 , 118 ),
  ( 118 , 118 , 0 , 0 , 0 , 0 , 0 , 0 , 0 , 0 , 0 , 0 , 252 , 252 , 252 , 252 , 252 , 252 , 0 , 0 , 219 , 219 , 255 , 255 , 255 , 255 , 255 , 255 , 0 , 0 , 118 , 118 , 118 , 118 , 118 , 118 ),
  ( 118 , 118 , 0 , 0 , 0 , 0 , 0 , 0 , 0 , 0 , 0 , 0 , 252 , 252 , 252 , 252 , 252 , 252 , 0 , 0 , 219 , 219 , 255 , 255 , 255 , 255 , 255 , 255 , 0 , 0 , 118 , 118 , 118 , 118 , 118 , 118 ),
  ( 0 , 0 , 255 , 255 , 255 , 255 , 255 , 255 , 255 , 255 , 255 , 255 , 0 , 0 , 252 , 252 , 252 , 252 , 252 , 252 , 0 , 0 , 0 , 0 , 0 , 0 , 0 , 0 , 0 , 0 , 0 , 0 , 118 , 118 , 118 , 118 ),
  ( 0 , 0 , 255 , 255 , 255 , 255 , 255 , 255 , 255 , 255 , 255 , 255 , 0 , 0 , 252 , 252 , 252 , 252 , 252 , 252 , 0 , 0 , 0 , 0 , 0 , 0 , 0 , 0 , 0 , 0 , 0 , 0 , 118 , 118 , 118 , 118 ),
  ( 0 , 0 , 252 , 252 , 255 , 255 , 255 , 255 , 255 , 255 , 252 , 252 , 0 , 0 , 252 , 252 , 252 , 252 , 0 , 0 , 232 , 232 , 232 , 232 , 232 , 232 , 232 , 232 , 232 , 232 , 232 , 232 , 0 , 0 , 118 , 118 ),
  ( 0 , 0 , 252 , 252 , 255 , 255 , 255 , 255 , 255 , 255 , 252 , 252 , 0 , 0 , 252 , 252 , 252 , 252 , 0 , 0 , 232 , 232 , 232 , 232 , 232 , 232 , 232 , 232 , 232 , 232 , 232 , 232 , 0 , 0 , 118 , 118 ),
  ( 118 , 118 , 0 , 0 , 0 , 0 , 0 , 0 , 0 , 0 , 0 , 0 , 244 , 244 , 244 , 244 , 0 , 0 , 232 , 232 , 0 , 0 , 0 , 0 , 0 , 0 , 0 , 0 , 0 , 0 , 0 , 0 , 118 , 118 , 118 , 118 ),
  ( 118 , 118 , 0 , 0 , 0 , 0 , 0 , 0 , 0 , 0 , 0 , 0 , 244 , 244 , 244 , 244 , 0 , 0 , 232 , 232 , 0 , 0 , 0 , 0 , 0 , 0 , 0 , 0 , 0 , 0 , 0 , 0 , 118 , 118 , 118 , 118 ),
  ( 118 , 118 , 118 , 118 , 0 , 0 , 244 , 244 , 244 , 244 , 244 , 244 , 244 , 244 , 244 , 244 , 244 , 244 , 0 , 0 , 232 , 232 , 232 , 232 , 232 , 232 , 232 , 232 , 232 , 232 , 0 , 0 , 118 , 118 , 118 , 118 ),
  ( 118 , 118 , 118 , 118 , 0 , 0 , 244 , 244 , 244 , 244 , 244 , 244 , 244 , 244 , 244 , 244 , 244 , 244 , 0 , 0 , 232 , 232 , 232 , 232 , 232 , 232 , 232 , 232 , 232 , 232 , 0 , 0 , 118 , 118 , 118 , 118 ),
  ( 118 , 118 , 118 , 118 , 118 , 118 , 0 , 0 , 0 , 0 , 244 , 244 , 244 , 244 , 244 , 244 , 244 , 244 , 244 , 244 , 0 , 0 , 0 , 0 , 0 , 0 , 0 , 0 , 0 , 0 , 118 , 118 , 118 , 118 , 118 , 118 ),
  ( 118 , 118 , 118 , 118 , 118 , 118 , 0 , 0 , 0 , 0 , 244 , 244 , 244 , 244 , 244 , 244 , 244 , 244 , 244 , 244 , 0 , 0 , 0 , 0 , 0 , 0 , 0 , 0 , 0 , 0 , 118 , 118 , 118 , 118 , 118 , 118 ),
  ( 118 , 118 , 118 , 118 , 118 , 118 , 118 , 118 , 118 , 118 , 0 , 0 , 0 , 0 , 0 , 0 , 0 , 0 , 0 , 0 , 118 , 118 , 118 , 118 , 118 , 118 , 118 , 118 , 118 , 118 , 118 , 118 , 118 , 118 , 118 , 118 ),
  ( 118 , 118 , 118 , 118 , 118 , 118 , 118 , 118 , 118 , 118 , 0 , 0 , 0 , 0 , 0 , 0 , 0 , 0 , 0 , 0 , 118 , 118 , 118 , 118 , 118 , 118 , 118 , 118 , 118 , 118 , 118 , 118 , 118 , 118 , 118 , 118 ),
  ( 118 , 118 , 118 , 118 , 118 , 118 , 118 , 118 , 118 , 118 , 118 , 118 , 118 , 118 , 118 , 118 , 118 , 118 , 118 , 118 , 118 , 118 , 118 , 118 , 118 , 118 , 118 , 118 , 118 , 118 , 118 , 118 , 118 , 118 , 118 , 118 ),
  ( 118 , 118 , 118 , 118 , 118 , 118 , 118 , 118 , 118 , 118 , 118 , 118 , 118 , 118 , 118 , 118 , 118 , 118 , 118 , 118 , 118 , 118 , 118 , 118 , 118 , 118 , 118 , 118 , 118 , 118 , 118 , 118 , 118 , 118 , 118 , 118 )
);
